
  0   7  14  21  28  35  42  49  56  63  70  77  84  91  98 105 112 119 126 133 140 147 154 161 168 175 182 189 196 203 210 217 224 231 238 245 252 259 266 273 280 287 294 301 308 315 322 329 336 343 350 357 364
  1   8  15  22  29  36  43  50  57  64  71  78  85  92  99 106 113 120 127 134 141 148 155 162 169 176 183 190 197 204 211 218 225 232 239 246 253 260 267 274 281 288 295 302 309 316 323 330 337 344 351 358 365
  2   9  16  23  30  37  44  51  58  65  72  79  86  93 100 107 114 121 128 135 142 149 156 163 170 177 184 191 198 205 212 219 226 233 240 247 254 261 268 275 282 289 296 303 310 317 324 331 338 345 352 359 366
  3  10  17  24  31  38  45  52  59  66  73  80  87  94 101 108 115 122 129 136 143 150 157 164 171 178 185 192 199 206 213 220 227 234 241 248 255 262 269 276 283 290 297 304 311 318 325 332 339 346 353 360 367
  4  11  18  25  32  39  46  53  60  67  74  81  88  95 102 109 116 123 130 137 144 151 158 165 172 179 186 193 200 207 214 221 228 235 242 249 256 263 270 277 284 291 298 305 312 319 326 333 340 347 354 361 368
  5  12  19  26  33  40  47  54  61  68  75  82  89  96 103 110 117 124 131 138 145 152 159 166 173 180 187 194 201 208 215 222 229 236 243 250 257 264 271 278 285 292 299 306 313 320 327 334 341 348 355 362 369
  6  13  20  27  34  41  48  55  62  69  76  83  90  97 104 111 118 125 132 139 146 153 160 167 174 181 188 195 202 209 216 223 230 237 244 251 258 265 272 279 286 293 300 307 314 321 328 335 342 349 356 363 370

 -3   4  11  18  25  32  39  46  53  60  67  74  81  88  95 102 109 116 123 130 137 144 151 158 165 172 179 186 193 200 207 214 221 228 235 242 249 256 263 270 277 284 291 298 305 312 319 326 333 340 347 354 361
 -2   5  12  19  26  33  40  47  54  61  68  75  82  89  96 103 110 117 124 131 138 145 152 159 166 173 180 187 194 201 208 215 222 229 236 243 250 257 264 271 278 285 292 299 306 313 320 327 334 341 348 355 362
 -1   6  13  20  27  34  41  48  55  62  69  76  83  90  97 104 111 118 125 132 139 146 153 160 167 174 181 188 195 202 209 216 223 230 237 244 251 258 265 272 279 286 293 300 307 314 321 328 335 342 349 356 363
  0   7  14  21  28  35  42  49  56  63  70  77  84  91  98 105 112 119 126 133 140 147 154 161 168 175 182 189 196 203 210 217 224 231 238 245 252 259 266 273 280 287 294 301 308 315 322 329 336 343 350 357 364
  1   8  15  22  29  36  43  50  57  64  71  78  85  92  99 106 113 120 127 134 141 148 155 162 169 176 183 190 197 204 211 218 225 232 239 246 253 260 267 274 281 288 295 302 309 316 323 330 337 344 351 358 365
  2   9  16  23  30  37  44  51  58  65  72  79  86  93 100 107 114 121 128 135 142 149 156 163 170 177 184 191 198 205 212 219 226 233 240 247 254 261 268 275 282 289 296 303 310 317 324 331 338 345 352 359 366
  3  10  17  24  31  38  45  52  59  66  73  80  87  94 101 108 115 122 129 136 143 150 157 164 171 178 185 192 199 206 213 220 227 234 241 248 255 262 269 276 283 290 297 304 311 318 325 332 339 346 353 360 367

 -6   1   8  15  22  29  36  43  50  57  64  71  78  85  92  99 106 113 120 127 134 141 148 155 162 169 176 183 190 197 204 211 218 225 232 239 246 253 260 267 274 281 288 295 302 309 316 323 330 337 344 351 358
 -5   2   9  16  23  30  37  44  51  58  65  72  79  86  93 100 107 114 121 128 135 142 149 156 163 170 177 184 191 198 205 212 219 226 233 240 247 254 261 268 275 282 289 296 303 310 317 324 331 338 345 352 359
 -4   3  10  17  24  31  38  45  52  59  66  73  80  87  94 101 108 115 122 129 136 143 150 157 164 171 178 185 192 199 206 213 220 227 234 241 248 255 262 269 276 283 290 297 304 311 318 325 332 339 346 353 360
 -3   4  11  18  25  32  39  46  53  60  67  74  81  88  95 102 109 116 123 130 137 144 151 158 165 172 179 186 193 200 207 214 221 228 235 242 249 256 263 270 277 284 291 298 305 312 319 326 333 340 347 354 361
 -2   5  12  19  26  33  40  47  54  61  68  75  82  89  96 103 110 117 124 131 138 145 152 159 166 173 180 187 194 201 208 215 222 229 236 243 250 257 264 271 278 285 292 299 306 313 320 327 334 341 348 355 362
 -1   6  13  20  27  34  41  48  55  62  69  76  83  90  97 104 111 118 125 132 139 146 153 160 167 174 181 188 195 202 209 216 223 230 237 244 251 258 265 272 279 286 293 300 307 314 321 328 335 342 349 356 363
  0   7  14  21  28  35  42  49  56  63  70  77  84  91  98 105 112 119 126 133 140 147 154 161 168 175 182 189 196 203 210 217 224 231 238 245 252 259 266 273 280 287 294 301 308 315 322 329 336 343 350 357 364

day 0   => 1384265871
days    = 365
months  = { "Jan", "Feb", "Mar", "Apr", "May", "Jun", "Jul", "Aug", "Sep", "Oct", "Nov", "Dec" }
lengths = {   31,    28,    31,    30,    31,    30,    31,    31,    30,    31,    30,    31  }

sections {  Nov,  Dec,  Jan,  Feb,  Mar,  Apr,  May,  Jun,  Jul,  Aug,  Sep,  Oct,  Nov }
         {   18,   31,   31,   28,   31,   30,   31,   30,   31,   31,   30,   31,   12 }
year     { 2013, 2013, 2014, 2014, 2014, 2014, 2014, 2014, 2014, 2014, 2014, 2014, 2014 }
cumul    {   18,   49,   80,  108,  139,  169,  200,  230,  261,  292,  322,  353,  365 }

start
	year = 2013
	month = 11
	day = 13

month_index = 0;

for (i = -6; i < 370; i++) {
	if ((i < 0) || (i >= days)) {
		space; continue;
	}

	if (i > section_cumul[month_index]) {
		month_index++;
	}
}

